


# Modell 4
RSS_r <- 16908251
RSS <- 10347220
N <- 16
K <- 5
L <- 2

((RSS_r - RSS) / RSS) *
  ((N-K)/L)

# [1] 3.487475

# Modell 2
RSS_r <- 62596356
RSS <- 13621390
N <- 16
K <- 2
L <- 1

((RSS_r - RSS) / RSS) *
  ((N-K)/L)
# [1] 50.33624
